8
Reduction: 
0.123178
0.0729499
0.0484655
0.0364876
0.0293421
0.0246635
0.021212
0.0190021
0.0270933
0.0246419
0.0223805
0.0251362
0.0229691
0.022171
0.0204229
0.0196092
Atomic: 
0.38159
8
Reduction: 
0.120015
0.0599314
0.0563506
0.0425557
0.0340852
0.0284881
0.0248314
0.025775
0.0271836
0.0275637
0.0224202
0.0290149
0.0222269
0.0242768
0.0232923
0.0221151
Atomic: 
0.381482
0.648975
0.710041
0.741944
0.67992
0.629704
0.606908
0.585093
0.586701
0.594959
0.57881
0.590056
0.578477
0.589414
0.578244
0.578005
Clocks: 
0.780751
3.81289
4.9752
9.91507
14.4994
17.124
22.7942
31.1472
8
Reduction: 
0.144688
0.072855
0.0485346
0.0363312
0.0291423
0.0248809
0.0210533
0.0186225
0.0279471
0.0245783
0.0224296
0.0231193
0.0213915
0.0212287
0.0193145
0.0204333
Atomic: 
0.463792
0.97865
1.64818
1.92742
1.95004
2.20579
2.39315
2.7144
2.72296
2.63893
2.73341
2.71496
2.70261
2.72401
2.69283
2.71577
Clocks: 
0.121564
